0.935989 625 0.05019
0.935989 624 0.0502
0.935989 623 0.05022
0.935989 622 0.05037
0.935989 621 0.05042
0.935989 620 0.0505
0.935989 619 0.05081
0.935989 618 0.05092
0.935989 617 0.05097
0.935796 617 0.05098
0.935796 616 0.05107
0.935796 615 0.05122
0.935796 614 0.0513
0.935796 613 0.05136
0.935796 612 0.05145
0.935796 611 0.05146
0.935796 610 0.05152
0.935796 609 0.05189
0.935796 608 0.05223
0.935796 607 0.05246
0.935796 606 0.05283
0.935796 605 0.05319
0.935796 604 0.05326
0.935796 603 0.05344
0.935796 602 0.0537
0.935796 601 0.05379
0.935796 600 0.05411
0.935796 599 0.05433
0.935796 598 0.0545
0.935796 597 0.05473
0.935796 596 0.05494
0.935796 595 0.05496
0.935796 594 0.05519
0.935796 593 0.05522
0.935796 592 0.05527
0.935796 591 0.0553
0.935796 590 0.05538
0.935602 590 0.05549
0.935602 589 0.05605
0.935602 588 0.05614
0.935409 588 0.05616
0.935216 587 0.05618
0.935216 586 0.0563
0.935022 586 0.05638
0.935022 585 0.05646
0.935022 584 0.05659
0.935022 583 0.05667
0.935022 582 0.05703
0.935022 581 0.05715
0.935022 580 0.05744
0.935022 579 0.05762
0.935022 578 0.05771
0.935022 577 0.05807
0.935022 576 0.05814
0.935022 575 0.05826
0.935022 574 0.0583
0.935022 573 0.0584
0.935022 572 0.05847
0.935022 571 0.05855
0.935022 570 0.05869
0.935022 569 0.05902
0.935022 568 0.05927
0.935022 567 0.0593
0.935022 566 0.05958
0.935022 565 0.05962
0.935022 564 0.06011
0.935022 563 0.06031
0.935022 562 0.06043
0.935022 561 0.06075
0.935022 560 0.0613
0.934829 560 0.0614
0.934829 559 0.06175
0.934829 558 0.06221
0.934829 557 0.06475
0.934829 556 0.06477
0.934829 555 0.06483
0.934829 554 0.06485
0.934829 553 0.06491
0.934635 553 0.06503
0.934635 552 0.06524
0.934635 551 0.06549
0.934635 550 0.06555
0.934635 549 0.06566
0.934635 548 0.0659
0.934442 548 0.06602
0.934442 547 0.06619
0.934442 546 0.06642
0.934442 545 0.06653
0.934442 543 0.0673
0.934442 542 0.06757
0.934442 541 0.06759
0.934442 540 0.06803
0.934442 539 0.0682
0.934442 538 0.06851
0.934442 537 0.06859
0.934442 536 0.06877
0.934442 535 0.06901
0.934442 534 0.06952
0.934442 533 0.06954
0.934442 532 0.07002
0.934442 531 0.07018
0.934442 530 0.07041
0.934442 529 0.07044
0.934442 528 0.0705
0.934442 527 0.07051
0.934442 526 0.07054
0.934442 525 0.07072
0.934442 524 0.07092
0.934442 523 0.07141
0.934442 522 0.07153
0.934442 521 0.07157
0.934442 520 0.0717
0.934442 519 0.07175
0.934442 518 0.07177
0.934442 517 0.07231
0.934442 516 0.07273
0.934249 516 0.07362
0.934249 515 0.07364
0.934249 514 0.07382
0.934249 513 0.07409
0.934249 512 0.07418
0.934249 511 0.07429
0.934249 510 0.07458
0.934249 509 0.07495
0.934249 508 0.07549
0.934055 508 0.07567
0.934055 507 0.0761
0.934055 506 0.07612
0.934055 505 0.0763
0.934055 504 0.07694
0.934055 502 0.07703
0.934055 501 0.07722
0.934055 500 0.07759
0.934055 499 0.07769
0.934055 496 0.07771
0.934055 495 0.07779
0.934055 494 0.07818
0.933862 494 0.07926
0.933862 493 0.08094
0.933862 492 0.08158
0.933669 492 0.08216
0.933669 491 0.0824
0.933669 490 0.08249
0.933669 489 0.08273
0.933669 488 0.08302
0.933669 487 0.08335
0.933669 486 0.08344
0.933669 485 0.08371
0.933669 484 0.08398
0.933669 483 0.08425
0.933475 483 0.08499
0.933475 482 0.08506
0.933475 481 0.08608
0.933475 480 0.08625
0.933475 479 0.0866
0.933475 478 0.08688
0.933475 477 0.08695
0.933475 476 0.08701
0.933282 476 0.08753
0.933282 475 0.08783
0.933088 475 0.08853
0.932895 475 0.08865
0.932702 475 0.08879
0.932702 474 0.08885
0.932702 473 0.08896
0.932702 472 0.08897
0.932702 471 0.08906
0.932702 470 0.08916
0.932702 469 0.08922
0.932702 468 0.08957
0.932702 467 0.09035
0.932702 466 0.09053
0.932508 466 0.09083
0.932508 465 0.09156
0.932508 464 0.09177
0.932508 463 0.09189
0.932508 462 0.09195
0.932508 461 0.09204
0.932508 460 0.09232
0.932508 459 0.09282
0.932315 459 0.09284
0.932315 458 0.09301
0.932315 457 0.09314
0.932315 456 0.09316
0.932315 455 0.0934
0.932315 454 0.09351
0.932315 453 0.09407
0.932315 452 0.09409
0.932315 451 0.09432
0.932315 450 0.09435
0.932315 449 0.09463
0.932315 448 0.09511
0.932315 447 0.09515
0.931928 447 0.09521
0.931735 447 0.09527
0.931735 446 0.09534
0.931735 445 0.09599
0.931735 444 0.09609
0.931735 443 0.09613
0.931735 442 0.09636
0.931735 441 0.09648
0.931735 440 0.09715
0.931735 439 0.0973
0.931735 438 0.09799
0.931541 438 0.09848
0.931541 437 0.09865
0.931541 436 0.09921
0.931348 435 0.0995
0.931348 434 0.09972
0.931348 433 0.10002
0.931348 432 0.10039
0.931348 431 0.10044
0.931348 430 0.10058
0.931348 429 0.10114
0.931348 428 0.10292
0.931348 427 0.10332
0.931348 426 0.10348
0.931155 426 0.10411
0.931155 425 0.10426
0.931155 424 0.10428
0.931155 423 0.10431
0.931155 422 0.10467
0.931155 421 0.10486
0.930961 421 0.10636
0.930961 420 0.10655
0.930961 419 0.10845
0.930768 419 0.10852
0.930768 418 0.10962
0.930768 417 0.11049
0.930574 417 0.11114
0.930381 417 0.11178
0.930381 416 0.11186
0.930381 415 0.11205
0.930381 414 0.11269
0.930381 413 0.11285
0.930188 413 0.11356
0.930188 412 0.11372
0.930188 411 0.11374
0.929994 411 0.11423
0.929994 410 0.11433
0.929994 409 0.11616
0.929994 408 0.1163
0.929994 407 0.1166
0.929994 406 0.1169
0.929994 405 0.11806
0.929994 404 0.11815
0.929994 403 0.11955
0.929994 402 0.1197
0.929994 401 0.1203
0.929801 401 0.12107
0.929801 400 0.12124
0.929801 399 0.12173
0.929801 398 0.12209
0.929801 397 0.12253
0.929607 397 0.12307
0.929607 396 0.12344
0.929607 395 0.12378
0.929414 395 0.12577
0.929414 394 0.12634
0.929221 394 0.12748
0.929221 393 0.12777
0.929221 392 0.12786
0.929221 391 0.12911
0.929221 390 0.12918
0.929221 389 0.12985
0.929221 388 0.13004
0.929221 387 0.13053
0.929221 386 0.13075
0.929027 386 0.13101
0.929027 385 0.1311
0.929027 384 0.13168
0.929027 383 0.13211
0.929027 382 0.13261
0.929027 381 0.13308
0.929027 379 0.13382
0.929027 378 0.13407
0.929027 377 0.13456
0.929027 376 0.13617
0.929027 375 0.13643
0.929027 374 0.13743
0.929027 373 0.13774
0.929027 372 0.1378
0.929027 371 0.13842
0.928834 371 0.13858
0.928834 370 0.1386
0.928834 369 0.13868
0.92864 369 0.14001
0.92864 368 0.14084
0.92864 367 0.14254
0.92864 366 0.14317
0.92864 365 0.14324
0.928447 365 0.14338
0.928447 364 0.14385
0.928447 363 0.14416
0.928447 362 0.14478
0.928447 361 0.14594
0.928447 360 0.14654
0.928447 359 0.14727
0.928447 358 0.14786
0.928447 357 0.14902
0.928254 357 0.14977
0.92806 357 0.14979
0.92806 356 0.15057
0.92806 355 0.15059
0.92806 354 0.15065
0.92806 353 0.15194
0.92806 352 0.15236
0.92806 351 0.15334
0.92806 350 0.15513
0.92806 349 0.15514
0.92806 348 0.15604
0.92806 347 0.15616
0.927867 347 0.15718
0.927867 346 0.15787
0.927867 345 0.15789
0.927867 344 0.1592
0.927867 343 0.15936
0.927867 342 0.15986
0.927867 341 0.16029
0.927867 340 0.16284
0.927674 340 0.16367
0.92748 340 0.16447
0.92748 339 0.16483
0.92748 338 0.16778
0.927287 338 0.16801
0.927287 337 0.16841
0.927287 336 0.16902
0.927287 335 0.16949
0.927287 334 0.16963
0.927287 333 0.1697
0.927287 332 0.16994
0.927287 331 0.17019
0.927287 330 0.17147
0.927287 329 0.17233
0.927287 328 0.17412
0.927287 327 0.17523
0.927093 327 0.1755
0.927093 326 0.17693
0.927093 325 0.17722
0.927093 324 0.17725
0.9269 324 0.17817
0.9269 323 0.1803
0.9269 322 0.18035
0.9269 321 0.18279
0.926707 321 0.18703
0.926707 320 0.18763
0.926513 320 0.18765
0.926513 319 0.1889
0.926513 318 0.18978
0.926513 317 0.19277
0.926513 316 0.19316
0.926513 315 0.19341
0.926513 314 0.19523
0.926513 313 0.19526
0.926513 312 0.1957
0.92632 312 0.19828
0.92632 311 0.19882
0.92632 310 0.19929
0.92632 309 0.20041
0.92632 308 0.2007
0.92632 307 0.20114
0.926126 307 0.20166
0.926126 306 0.20243
0.925933 306 0.203
0.92574 306 0.20333
0.92574 305 0.20477
0.92574 304 0.20559
0.92574 303 0.2063
0.925546 303 0.20755
0.925546 302 0.20787
0.925546 301 0.20926
0.925546 300 0.20972
0.925546 299 0.20979
0.925546 298 0.20994
0.925546 297 0.20995
0.925546 296 0.21132
0.925353 296 0.21263
0.925353 295 0.21274
0.925353 294 0.21385
0.92516 294 0.21881
0.92516 293 0.21882
0.924966 293 0.21937
0.924966 292 0.21984
0.924773 292 0.22261
0.924773 291 0.22345
0.924579 291 0.22727
0.924579 290 0.22759
0.924579 289 0.228
0.924386 289 0.22864
0.924386 288 0.22923
0.924386 287 0.22949
0.924386 286 0.23178
0.924386 285 0.23423
0.924386 284 0.2351
0.924386 283 0.23559
0.924386 282 0.23682
0.924386 281 0.23778
0.924386 280 0.23779
0.924386 279 0.2386
0.924386 278 0.23875
0.924386 277 0.23916
0.924386 276 0.24008
0.924193 276 0.24179
0.924193 275 0.24224
0.924193 274 0.24426
0.924193 273 0.24496
0.923999 273 0.24896
0.923999 272 0.25452
0.923806 272 0.25711
0.923806 271 0.25907
0.923806 270 0.25989
0.923612 270 0.26267
0.923612 269 0.265
0.923419 269 0.26569
0.923419 268 0.26711
0.923419 267 0.26755
0.923226 267 0.26767
0.923032 267 0.27086
0.923032 266 0.2711
0.922839 266 0.27214
0.922839 265 0.27721
0.922839 264 0.27885
0.922839 263 0.27897
0.922839 262 0.28378
0.922646 262 0.28386
0.922452 262 0.28643
0.922452 261 0.28732
0.922259 261 0.28746
0.922259 260 0.28825
0.922259 259 0.2892
0.922259 258 0.29161
0.922259 257 0.29292
0.922065 257 0.29347
0.922065 256 0.29441
0.921872 256 0.29536
0.921872 255 0.29542
0.921872 254 0.29552
0.921872 253 0.2957
0.921872 252 0.29813
0.921872 251 0.2983
0.921872 250 0.302
0.921872 249 0.30221
0.921872 248 0.30273
0.921872 247 0.30801
0.921872 246 0.31026
0.921679 246 0.31141
0.921679 245 0.31225
0.921679 244 0.31291
0.921485 244 0.31446
0.921485 243 0.31537
0.921485 242 0.31623
0.921292 242 0.31982
0.921292 241 0.32209
0.921292 240 0.32309
0.921292 239 0.32354
0.921098 239 0.32481
0.921098 238 0.32626
0.921098 237 0.32917
0.921098 236 0.32978
0.921098 235 0.33074
0.920905 235 0.33208
0.920905 234 0.3363
0.920905 233 0.33757
0.920712 233 0.33819
0.920712 232 0.34263
0.920712 231 0.34712
0.920518 231 0.34743
0.920518 230 0.35167
0.920325 230 0.3549
0.920132 230 0.35514
0.919938 230 0.3564
0.919938 229 0.35696
0.919938 228 0.35759
0.919745 228 0.35918
0.919745 227 0.36098
0.919745 226 0.36133
0.919745 225 0.36277
0.919745 224 0.36429
0.919551 224 0.36624
0.919358 224 0.36646
0.919358 223 0.37319
0.919165 223 0.3738
0.919165 222 0.37491
0.919165 221 0.37498
0.918971 221 0.38003
0.918971 220 0.38026
0.918971 219 0.38137
0.918778 219 0.38181
0.918778 218 0.38335
0.918778 217 0.38565
0.918778 216 0.39701
0.918584 216 0.39763
0.918584 215 0.3982
0.918584 214 0.40029
0.918584 213 0.40286
0.918584 212 0.40336
0.918584 211 0.4045
0.918391 211 0.40667
0.918391 210 0.40716
0.918391 209 0.40861
0.918391 208 0.40899
0.918391 207 0.41076
0.918198 207 0.41341
0.918198 206 0.41384
0.918198 205 0.41451
0.918004 205 0.42887
0.918004 204 0.42928
0.918004 203 0.43065
0.918004 202 0.43401
0.918004 201 0.43576
0.917811 201 0.43742
0.917617 201 0.43925
0.917617 200 0.44022
0.917617 199 0.4418
0.917617 198 0.44591
0.917617 197 0.4534
0.917617 196 0.45437
0.917617 195 0.45513
0.917617 194 0.45735
0.917424 194 0.4617
0.917424 193 0.46482
0.917424 192 0.46564
0.917231 192 0.46585
0.917231 191 0.47085
0.917231 190 0.47113
0.917231 189 0.47333
0.917037 189 0.4754
0.917037 188 0.47578
0.917037 187 0.48654
0.916844 187 0.49389
0.916651 187 0.49437
0.916651 186 0.49743
0.916457 186 0.49984
0.916264 186 0.5003
0.916264 185 0.50146
0.916264 184 0.50311
0.916264 183 0.50318
0.91607 183 0.50518
0.915877 183 0.50551
0.915684 183 0.50731
0.915684 182 0.51099
0.91549 182 0.51113
0.91549 181 0.51471
0.915297 181 0.51654
0.915297 180 0.51847
0.915297 179 0.51933
0.915297 178 0.51938
0.915297 177 0.51962
0.915103 177 0.52768
0.91491 177 0.53225
0.914717 177 0.53286
0.914717 176 0.53646
0.914717 175 0.5371
0.914717 174 0.54149
0.914717 173 0.54233
0.914717 172 0.54651
0.914717 171 0.55014
0.914523 171 0.55314
0.91433 171 0.55881
0.91433 170 0.56465
0.914137 170 0.56727
0.914137 169 0.57284
0.914137 168 0.57315
0.914137 167 0.5833
0.914137 166 0.58577
0.914137 165 0.58681
0.913943 165 0.58758
0.913943 164 0.58855
0.913943 163 0.59126
0.91375 163 0.59402
0.91375 162 0.59815
0.913556 162 0.60225
0.913556 161 0.60555
0.913556 160 0.60566
0.913363 160 0.61009
0.91317 160 0.61059
0.91317 159 0.62432
0.91317 158 0.62937
0.912976 158 0.62946
0.912783 158 0.63112
0.912783 157 0.63473
0.912783 156 0.635
0.912589 156 0.64026
0.912396 156 0.6404
0.912396 155 0.6429
0.912203 155 0.64316
0.912203 154 0.64502
0.912203 153 0.65138
0.912009 153 0.65306
0.912009 152 0.66402
0.912009 151 0.6646
0.912009 150 0.66529
0.911816 150 0.66578
0.911623 150 0.67163
0.911429 150 0.67679
0.911429 149 0.67693
0.911236 149 0.67785
0.911042 149 0.68033
0.910849 149 0.68103
0.910849 148 0.68335
0.910656 148 0.68685
0.910656 147 0.68829
0.910656 146 0.69138
0.910656 145 0.69217
0.910656 144 0.69407
0.910656 143 0.69454
0.910656 142 0.69833
0.910462 142 0.69836
0.910462 141 0.7004
0.910462 140 0.70491
0.910269 140 0.70592
0.910269 139 0.70834
0.910075 139 0.71071
0.910075 138 0.7156
0.909882 138 0.71585
0.909689 138 0.71918
0.909689 137 0.72257
0.909689 136 0.72371
0.909495 136 0.7255
0.909495 135 0.73457
0.909302 135 0.74299
0.909302 134 0.74623
0.909302 133 0.75037
0.909302 132 0.75495
0.909302 131 0.76006
0.909108 131 0.76583
0.909108 130 0.76926
0.909108 129 0.76984
0.909108 128 0.77063
0.909108 127 0.77104
0.909108 126 0.77214
0.908915 126 0.77339
0.908915 125 0.77458
0.908722 125 0.77703
0.908528 125 0.77817
0.908335 125 0.77999
0.908142 125 0.78327
0.907948 125 0.78387
0.907755 125 0.78401
0.907755 124 0.78417
0.907755 123 0.788
0.907755 122 0.79023
0.907561 122 0.79232
0.907561 121 0.79293
0.907561 120 0.79385
0.907368 120 0.79518
0.907175 120 0.79684
0.906981 120 0.79812
0.906788 120 0.79828
0.906788 119 0.80013
0.906594 119 0.80026
0.906594 118 0.80232
0.906594 117 0.80496
0.906594 116 0.80749
0.906401 116 0.80963
0.906208 116 0.81127
0.906208 115 0.8118
0.906014 115 0.8127
0.905821 115 0.81364
0.905628 115 0.81454
0.905434 115 0.81511
0.905241 115 0.82395
0.905047 115 0.82471
0.904854 115 0.82584
0.904854 114 0.83129
0.904854 113 0.83486
0.904854 112 0.83764
0.904661 112 0.84464
0.904661 111 0.84497
0.904467 111 0.84518
0.904467 110 0.84641
0.904274 110 0.84718
0.90408 110 0.85361
0.90408 109 0.85393
0.903887 109 0.85974
0.903694 109 0.86189
0.9035 109 0.86894
0.9035 108 0.8692
0.9035 107 0.87072
0.903307 107 0.87225
0.903307 106 0.87242
0.903114 106 0.87351
0.90292 106 0.87395
0.902727 106 0.87447
0.902533 106 0.8764
0.902533 105 0.87654
0.90234 105 0.88028
0.90234 104 0.88181
0.90234 103 0.88251
0.902147 103 0.88446
0.902147 102 0.88784
0.902147 101 0.88852
0.901953 101 0.88969
0.90176 101 0.89278
0.90176 100 0.89346
0.901566 100 0.89414
0.901373 100 0.89565
0.90118 100 0.89653
0.900986 100 0.89814
0.900793 100 0.89844
0.900599 100 0.8988
0.900406 100 0.90018
0.900213 100 0.90258
0.900019 100 0.90326
0.900019 99 0.90377
0.899826 99 0.90634
0.899826 98 0.90686
0.899826 97 0.90732
0.899633 97 0.90846
0.899633 96 0.90918
0.899633 95 0.90927
0.899439 95 0.90936
0.899246 95 0.91475
0.899052 95 0.91645
0.898859 95 0.918
0.898859 94 0.9182
0.898859 93 0.92032
0.898666 93 0.92355
0.898666 92 0.92357
0.898666 91 0.92365
0.898666 90 0.9265
0.898666 89 0.92655
0.898472 89 0.92672
0.898279 89 0.92698
0.898085 89 0.92759
0.897892 89 0.92819
0.897699 89 0.92944
0.897505 89 0.93203
0.897312 89 0.93241
0.897119 89 0.93554
0.896925 89 0.93626
0.896732 89 0.93636
0.896538 89 0.9368
0.896538 88 0.93713
0.896345 88 0.93765
0.896152 88 0.93896
0.896152 87 0.94045
0.895958 87 0.94234
0.895765 87 0.94286
0.895765 86 0.94313
0.895571 86 0.94343
0.895378 86 0.94464
0.895185 86 0.9481
0.895185 85 0.94876
0.894991 85 0.94892
0.894991 84 0.9498
0.894798 84 0.95138
0.894605 84 0.95304
0.894605 83 0.95333
0.894605 82 0.95379
0.894605 81 0.95444
0.894411 81 0.95535
0.894411 80 0.95613
0.894218 80 0.95723
0.894218 79 0.95726
0.894218 78 0.95741
0.894024 78 0.95854
0.894024 77 0.95961
0.893831 77 0.9597
0.893831 76 0.95996
0.893638 76 0.96041
0.893444 76 0.96114
0.893251 76 0.96224
0.893251 75 0.96226
0.893057 75 0.96232
0.892864 75 0.96337
0.892671 75 0.96377
0.892671 74 0.96453
0.892671 73 0.96685
0.892671 72 0.96743
0.892477 72 0.96749
0.892284 72 0.96773
0.892091 72 0.96788
0.891897 72 0.96792
0.891897 71 0.96794
0.891704 71 0.96869
0.89151 71 0.96873
0.891317 71 0.96923
0.891124 71 0.96995
0.89093 71 0.97008
0.890737 71 0.97014
0.890543 71 0.97023
0.890543 70 0.9716
0.890543 69 0.97203
0.89035 69 0.97233
0.890157 69 0.97236
0.890157 68 0.9725
0.889963 68 0.97251
0.88977 68 0.97258
0.889576 68 0.973
0.889383 68 0.97475
0.88919 68 0.97512
0.888996 68 0.97552
0.888803 68 0.97577
0.88861 68 0.97614
0.88861 67 0.97697
0.88861 66 0.97782
0.88861 65 0.9781
0.88861 64 0.97919
0.888416 64 0.97963
0.888416 63 0.98074
0.888223 63 0.98075
0.888029 63 0.98087
0.887836 63 0.98113
0.887643 63 0.98116
0.887449 63 0.98276
0.887256 63 0.98367
0.887062 63 0.98374
0.887062 62 0.98397
0.886869 62 0.98418
0.886676 62 0.98424
0.886482 62 0.98432
0.886482 61 0.98474
0.886289 61 0.98486
0.886096 61 0.98495
0.885902 61 0.98524
0.885709 61 0.98532
0.885515 61 0.98566
0.885322 61 0.98593
0.885129 61 0.98614
0.884935 61 0.98618
0.884935 60 0.98637
0.884742 60 0.98666
0.884548 60 0.98673
0.884355 60 0.98707
0.884162 60 0.98769
0.883968 60 0.98801
0.883775 60 0.98803
0.883775 59 0.98845
0.883775 58 0.98855
0.883582 58 0.98857
0.883388 58 0.98894
0.883388 57 0.98897
0.883195 57 0.9891
0.883001 57 0.98911
0.882808 57 0.98935
0.882615 57 0.98947
0.882421 57 0.98954
0.882421 56 0.98961
0.882421 55 0.98971
0.882228 55 0.98977
0.882228 54 0.99017
0.882034 54 0.99029
0.881841 54 0.99031
0.881841 53 0.99041
0.881648 53 0.9905
0.881454 53 0.99111
0.881261 53 0.99123
0.881067 53 0.99166
0.881067 52 0.99171
0.880874 52 0.99195
0.880681 52 0.99196
0.880487 52 0.99218
0.880487 51 0.99223
0.880294 51 0.99224
0.880101 51 0.99247
0.880101 50 0.9925
0.879907 50 0.99256
0.879714 50 0.99265
0.87952 50 0.99271
0.879327 50 0.99311
0.879134 50 0.99363
0.87894 50 0.99373
0.878747 50 0.99377
0.878553 50 0.99378
0.87836 50 0.99408
0.87836 49 0.9942
0.878167 49 0.99421
0.877973 49 0.99424
0.87778 49 0.99427
0.877587 49 0.9944
0.877393 49 0.99447
0.877393 48 0.99465
0.8772 48 0.99485
0.877006 48 0.99488
0.876813 48 0.99504
0.876813 47 0.99506
0.87662 47 0.99526
0.87662 46 0.99529
0.876426 46 0.9953
0.876233 46 0.99534
0.876039 46 0.99538
0.876039 45 0.99544
0.875846 45 0.99555
0.875653 45 0.99556
0.875459 45 0.99586
0.875266 45 0.99593
0.875073 45 0.996
0.874879 45 0.99603
0.874686 45 0.99621
0.874299 45 0.99628
0.874106 45 0.99646
0.873912 45 0.99647
0.873719 45 0.99652
0.873719 44 0.99654
0.873525 44 0.99657
0.873332 44 0.99658
0.873139 44 0.99664
0.872945 44 0.99675
0.872945 43 0.99677
0.872752 43 0.99678
0.872752 42 0.9968
0.872558 42 0.9969
0.872365 42 0.99693
0.872172 42 0.99694
0.871978 42 0.99709
0.871785 42 0.99727
0.871592 42 0.99731
0.871398 42 0.99739
0.871205 42 0.99748
0.871011 42 0.99753
0.871011 41 0.99758
0.870818 41 0.99759
0.870625 41 0.99773
0.870431 41 0.99775
0.870044 41 0.99776
0.869851 41 0.99778
0.869658 41 0.99787
0.869271 41 0.99812
0.869271 40 0.99814
0.869078 39 0.99816
0.869078 38 0.99818
0.868884 38 0.99828
0.868691 38 0.9983
0.868691 37 0.99831
0.868497 37 0.99841
0.868111 37 0.99848
0.867917 37 0.99853
0.86753 37 0.99855
0.867337 37 0.99856
0.867144 37 0.99859
0.86695 36 0.99861
0.866564 36 0.99864
0.86637 36 0.99866
0.86637 35 0.9987
0.866177 35 0.99876
0.865983 35 0.99883
0.86579 35 0.99884
0.865597 35 0.99887
0.865403 35 0.99891
0.86521 35 0.99893
0.865016 35 0.99895
0.864436 35 0.99898
0.864243 35 0.99899
0.86405 35 0.99901
0.863856 35 0.99903
0.863663 35 0.99907
0.863276 35 0.99912
0.863276 34 0.99915
0.862889 33 0.99917
0.862696 33 0.99919
0.862502 32 0.99924
0.861922 32 0.99926
0.861729 32 0.99927
0.861535 32 0.99928
0.861342 32 0.99929
0.861149 32 0.99932
0.860569 32 0.99934
0.860375 31 0.99935
0.859988 31 0.99936
0.859988 30 0.99937
0.859795 30 0.99941
0.859602 30 0.99945
0.859408 30 0.99946
0.859215 30 0.99947
0.859021 30 0.99948
0.858635 30 0.99949
0.858441 30 0.9995
0.858055 30 0.99956
0.857861 30 0.99958
0.857668 30 0.99959
0.857474 30 0.9996
0.857281 30 0.99961
0.857088 30 0.99962
0.856701 30 0.99964
0.856507 30 0.99965
0.855734 30 0.99966
0.855347 29 0.99968
0.854574 29 0.9997
0.854187 29 0.99971
0.853993 29 0.99973
0.852833 29 0.99974
0.852253 29 0.99975
0.85206 29 0.99976
0.851866 29 0.99977
0.851673 29 0.99978
0.850899 28 0.99979
0.850706 27 0.9998
0.849546 27 0.99981
0.848772 27 0.99982
0.848192 27 0.99983
0.847805 26 0.99985
0.847418 26 0.99986
0.845484 25 0.99987
0.844324 24 0.99988
0.843164 23 0.99989
0.84239 23 0.9999
0.841617 23 0.99991
0.84065 23 0.99992
0.839103 23 0.99993
0.837169 22 0.99994
0.835428 21 0.99995
0.833494 21 0.99996
0.831174 21 0.99997
0.827693 20 0.99998
0.822278 19 0.99999
0.808934 17 1
0 0 1.79769e+308
