0.694615 625
0.694615 624
0.694615 623
0.694615 622
0.694615 621
0.694615 620
0.694615 619
0.694615 618
0.694566 617
0.694425 617
0.694425 616
0.694425 615
0.694425 614
0.69434 613
0.69434 612
0.69434 611
0.69434 610
0.69434 609
0.69434 608
0.69434 607
0.69434 606
0.69434 605
0.69434 604
0.69434 603
0.69434 602
0.69434 601
0.69434 600
0.69434 599
0.69434 598
0.69434 597
0.69434 596
0.69434 595
0.69434 594
0.69434 593
0.69434 592
0.69434 591
0.69434 590
0.694236 590
0.694209 589
0.694144 588
0.694014 588
0.693915 587
0.693915 586
0.693772 586
0.693772 585
0.693772 584
0.693772 583
0.693772 582
0.693772 581
0.693772 580
0.693772 579
0.693772 578
0.693772 577
0.693772 576
0.693772 575
0.693772 574
0.693772 573
0.693772 572
0.693772 571
0.693772 570
0.693772 569
0.693772 568
0.693772 567
0.693772 566
0.693772 565
0.693772 564
0.693772 563
0.693772 562
0.693772 561
0.693746 560
0.693609 560
0.693609 559
0.693609 558
0.693609 557
0.693609 556
0.693609 555
0.693609 554
0.693609 553
0.69346 553
0.69346 552
0.69346 551
0.69346 550
0.69346 549
0.69346 548
0.693344 548
0.693344 547
0.693344 546
0.693344 545
0.693344 543
0.693344 542
0.693344 541
0.693344 540
0.693344 539
0.693344 538
0.693257 537
0.693257 536
0.693257 535
0.693257 534
0.693257 533
0.693257 532
0.693257 531
0.693257 530
0.693257 529
0.693257 528
0.693257 527
0.693257 526
0.693257 525
0.693257 524
0.693257 523
0.693257 522
0.693257 521
0.693257 520
0.693257 519
0.693257 518
0.693257 517
0.693257 516
0.693145 516
0.693145 515
0.693145 514
0.693145 513
0.693145 512
0.693145 511
0.693145 510
0.693145 509
0.693145 508
0.693002 508
0.692979 507
0.692979 506
0.692979 505
0.692979 504
0.692979 502
0.692979 501
0.692979 500
0.692979 499
0.692979 496
0.692979 495
0.692979 494
0.692833 494
0.692833 493
0.692833 492
0.692687 492
0.692687 491
0.692687 490
0.692687 489
0.692687 488
0.692687 487
0.692687 486
0.692687 485
0.692687 484
0.692687 483
0.692558 483
0.692558 482
0.692493 481
0.692423 480
0.692423 479
0.692423 478
0.692423 477
0.692423 476
0.692282 476
0.692282 475
0.692184 475
0.692066 475
0.691945 475
0.691945 474
0.691945 473
0.691945 472
0.691945 471
0.691945 470
0.691945 469
0.691945 468
0.691945 467
0.691945 466
0.691833 466
0.691833 465
0.691833 464
0.691833 463
0.691833 462
0.691833 461
0.691833 460
0.691833 459
0.691721 459
0.691721 458
0.691721 457
0.691672 456
0.691672 455
0.691605 454
0.691605 453
0.691605 452
0.691605 451
0.691605 450
0.691605 449
0.691605 448
0.691605 447
0.691318 447
0.691166 447
0.691166 446
0.691166 445
0.691166 444
0.691166 443
0.691166 442
0.691166 441
0.691166 440
0.691166 439
0.691166 438
0.691064 438
0.691064 437
0.691064 436
0.690962 435
0.690962 434
0.690962 433
0.690962 432
0.690962 431
0.690962 430
0.690962 429
0.690962 428
0.690962 427
0.690962 426
0.690847 426
0.690847 425
0.690847 424
0.690847 423
0.690847 422
0.690847 421
0.690707 421
0.690707 420
0.690686 419
0.690608 419
0.690542 418
0.690542 417
0.690422 417
0.690294 417
0.690294 416
0.690294 415
0.690294 414
0.690226 413
0.690111 413
0.690111 412
0.690111 411
0.68999 411
0.68999 410
0.68999 409
0.68999 408
0.68999 407
0.68999 406
0.68999 405
0.68999 404
0.68999 403
0.68999 402
0.68999 401
0.689887 401
0.689887 400
0.689887 399
0.689887 398
0.689887 397
0.689752 397
0.689752 396
0.689752 395
0.689642 395
0.689642 394
0.689584 394
0.689584 393
0.689584 392
0.689584 391
0.689584 390
0.689584 389
0.689584 388
0.689584 387
0.689584 386
0.689467 386
0.689467 385
0.689467 384
0.689467 383
0.689467 382
0.689467 381
0.689467 379
0.689467 378
0.689467 377
0.689467 376
0.689467 375
0.689458 374
0.689458 373
0.689458 372
0.689458 371
0.689332 371
0.689253 370
0.689253 369
0.689137 369
0.689137 368
0.68907 367
0.68907 366
0.68907 365
0.688929 365
0.688929 364
0.688929 363
0.688929 362
0.68889 361
0.68889 360
0.68889 359
0.68889 358
0.68889 357
0.688781 357
0.688667 357
0.688667 356
0.688667 355
0.688667 354
0.688667 353
0.688667 352
0.688667 351
0.688667 350
0.688667 349
0.688667 348
0.688667 347
0.688518 347
0.688518 346
0.688493 345
0.688493 344
0.688493 343
0.688493 342
0.688493 341
0.688493 340
0.68835 340
0.68824 340
0.68824 339
0.68824 338
0.688138 338
0.688138 337
0.688138 336
0.688138 335
0.688138 334
0.688138 333
0.688138 332
0.688138 331
0.688138 330
0.688138 329
0.688138 328
0.688138 327
0.688026 327
0.688026 326
0.688026 325
0.688026 324
0.687902 324
0.68782 323
0.687752 322
0.687752 321
0.687599 321
0.687599 320
0.687465 320
0.687465 319
0.687465 318
0.687465 317
0.687465 316
0.687465 315
0.687465 314
0.687465 313
0.687465 312
0.687417 312
0.687417 311
0.687417 310
0.687417 309
0.687417 308
0.687417 307
0.687299 307
0.687214 306
0.687102 306
0.686979 306
0.686979 305
0.686979 304
0.686979 303
0.686855 303
0.686855 302
0.686855 301
0.686855 300
0.686855 299
0.686855 298
0.686855 297
0.686855 296
0.686709 296
0.686709 295
0.686634 294
0.68651 294
0.68651 293
0.686365 293
0.686365 292
0.686259 292
0.686259 291
0.686213 291
0.686213 290
0.686213 289
0.686069 289
0.685992 288
0.685905 287
0.685905 286
0.685905 285
0.685905 284
0.685905 283
0.685905 282
0.685905 281
0.685891 280
0.685891 279
0.685891 278
0.685891 277
0.685891 276
0.685747 276
0.685747 275
0.685747 274
0.685747 273
0.685647 273
0.685647 272
0.685502 272
0.685461 271
0.685461 270
0.685337 270
0.685257 269
0.685107 269
0.685107 268
0.685107 267
0.684967 267
0.684833 267
0.684817 266
0.68468 266
0.68468 265
0.68468 264
0.68468 263
0.68468 262
0.684555 262
0.684429 262
0.684429 261
0.684294 261
0.684294 260
0.684294 259
0.684294 258
0.684294 257
0.684186 257
0.684186 256
0.684082 256
0.684082 255
0.684082 254
0.684082 253
0.684082 252
0.684082 251
0.684082 250
0.684082 249
0.684082 248
0.684082 247
0.684082 246
0.68393 246
0.68393 245
0.68393 244
0.683801 244
0.683801 243
0.683801 242
0.683682 242
0.683682 241
0.683682 240
0.683682 239
0.683543 239
0.683543 238
0.683485 237
0.683414 236
0.683414 235
0.683297 235
0.683297 234
0.683297 233
0.683185 233
0.683185 232
0.683185 231
0.683025 231
0.683025 230
0.682879 230
0.682763 230
0.68263 230
0.68263 229
0.68263 228
0.682527 228
0.682527 227
0.682527 226
0.682527 225
0.682527 224
0.682395 224
0.682257 224
0.682257 223
0.682156 223
0.682156 222
0.682156 221
0.682058 221
0.682058 220
0.682058 219
0.681912 219
0.681912 218
0.681912 217
0.681912 216
0.681779 216
0.681779 215
0.681779 214
0.681779 213
0.681779 212
0.681779 211
0.681679 211
0.681679 210
0.681679 209
0.681603 208
0.681603 207
0.681487 207
0.681487 206
0.681487 205
0.681356 205
0.681356 204
0.681356 203
0.681356 202
0.681356 201
0.681228 201
0.681075 201
0.681075 200
0.681075 199
0.681075 198
0.681075 197
0.681075 196
0.681075 195
0.681001 194
0.680871 194
0.680871 193
0.680871 192
0.680759 192
0.680759 191
0.680759 190
0.680759 189
0.680613 189
0.680613 188
0.680613 187
0.680487 187
0.680369 187
0.680369 186
0.680223 186
0.68006 186
0.68006 185
0.68006 184
0.68006 183
0.679934 183
0.679812 183
0.679704 183
0.679704 182
0.679586 182
0.679508 181
0.679362 181
0.679362 180
0.679276 179
0.679276 178
0.679276 177
0.679151 177
0.679015 177
0.678872 177
0.678872 176
0.678872 175
0.678872 174
0.678872 173
0.678872 172
0.678872 171
0.678743 171
0.678605 171
0.678599 170
0.678464 170
0.678464 169
0.678464 168
0.678464 167
0.678464 166
0.678464 165
0.678315 165
0.678315 164
0.678315 163
0.67819 163
0.678095 162
0.677981 162
0.677981 161
0.677981 160
0.677825 160
0.677708 160
0.677708 159
0.677708 158
0.677557 158
0.677424 158
0.677424 157
0.677424 156
0.677288 156
0.677154 156
0.677154 155
0.677016 155
0.677016 154
0.677016 153
0.676859 153
0.676829 152
0.676829 151
0.676829 150
0.676676 150
0.676555 150
0.676398 150
0.676398 149
0.676281 149
0.676145 149
0.676045 149
0.675967 148
0.675839 148
0.675839 147
0.675839 146
0.675839 145
0.675839 144
0.675839 143
0.675805 142
0.675664 142
0.675664 141
0.675664 140
0.675516 140
0.675516 139
0.675383 139
0.675383 138
0.675272 138
0.675127 138
0.675127 137
0.675127 136
0.674973 136
0.674973 135
0.674815 135
0.674815 134
0.674815 133
0.674815 132
0.674815 131
0.674673 131
0.674673 130
0.674673 129
0.674673 128
0.674673 127
0.674673 126
0.674535 126
0.674535 125
0.674389 125
0.67426 125
0.674124 125
0.673973 125
0.673821 125
0.673667 125
0.673667 124
0.673599 123
0.673599 122
0.673444 122
0.673444 121
0.673444 120
0.673346 120
0.673239 120
0.673113 120
0.672967 120
0.672967 119
0.672826 119
0.672826 118
0.672826 117
0.672826 116
0.672707 116
0.672596 116
0.672518 115
0.672375 115
0.672243 115
0.672111 115
0.671968 115
0.671856 115
0.671719 115
0.671562 115
0.671562 114
0.671562 113
0.671562 112
0.67146 112
0.67146 111
0.671323 111
0.671323 110
0.671219 110
0.671087 110
0.671087 109
0.670936 109
0.670799 109
0.670689 109
0.670689 108
0.670689 107
0.670573 107
0.670573 106
0.670423 106
0.670272 106
0.670131 106
0.67001 106
0.67001 105
0.669896 105
0.669896 104
0.669896 103
0.669783 103
0.669699 102
0.669699 101
0.669559 101
0.669461 101
0.669461 100
0.669315 100
0.669187 100
0.669077 100
0.668943 100
0.668822 100
0.6687 100
0.668559 100
0.668445 100
0.668308 100
0.668308 99
0.668171 99
0.668171 98
0.668171 97
0.668043 97
0.668043 96
0.668043 95
0.667897 95
0.667746 95
0.667607 95
0.667486 95
0.667486 94
0.667486 93
0.667346 93
0.667346 92
0.667346 91
0.667346 90
0.667346 89
0.667241 89
0.667114 89
0.666978 89
0.666863 89
0.666743 89
0.666621 89
0.666477 89
0.666325 89
0.666206 89
0.666083 89
0.665951 89
0.665951 88
0.665818 88
0.665707 88
0.665707 87
0.665568 87
0.665468 87
0.665413 86
0.665278 86
0.665159 86
0.665006 86
0.665006 85
0.664885 85
0.664885 84
0.664739 84
0.664589 84
0.664589 83
0.664589 82
0.664589 81
0.664476 81
0.664476 80
0.664321 80
0.664321 79
0.664321 78
0.664173 78
0.664105 77
0.663986 77
0.663986 76
0.663821 76
0.663685 76
0.663562 76
0.663469 75
0.663326 75
0.663209 75
0.663079 75
0.663001 74
0.663001 73
0.663001 72
0.662873 72
0.662736 72
0.662588 72
0.66245 72
0.66245 71
0.662329 71
0.662218 71
0.662068 71
0.661935 71
0.661811 71
0.661685 71
0.661526 71
0.661482 70
0.661482 69
0.661343 69
0.661245 69
0.661159 68
0.661043 68
0.660893 68
0.660785 68
0.660656 68
0.660521 68
0.660389 68
0.660241 68
0.660092 68
0.660092 67
0.660092 66
0.660092 65
0.660092 64
0.659937 64
0.659888 63
0.659732 63
0.659591 63
0.659475 63
0.659351 63
0.659235 63
0.659125 63
0.658985 63
0.658985 62
0.658855 62
0.658727 62
0.658602 62
0.658602 61
0.658474 61
0.658334 61
0.658223 61
0.658085 61
0.657957 61
0.657805 61
0.65766 61
0.65752 61
0.65752 60
0.657375 60
0.657239 60
0.657101 60
0.656956 60
0.656853 60
0.656734 60
0.656699 59
0.656699 58
0.65657 58
0.656428 58
0.656428 57
0.65627 57
0.656144 57
0.656037 57
0.655937 57
0.655839 57
0.655839 56
0.655839 55
0.655723 55
0.655723 54
0.655609 54
0.655462 54
0.655462 53
0.655311 53
0.655193 53
0.655051 53
0.654938 53
0.654938 52
0.654808 52
0.654709 52
0.654565 52
0.654565 51
0.65441 51
0.654268 51
0.654268 50
0.654131 50
0.65402 50
0.653875 50
0.653753 50
0.653624 50
0.653475 50
0.65332 50
0.65318 50
0.653037 50
0.653037 49
0.652899 49
0.652753 49
0.652619 49
0.652494 49
0.652345 49
0.652345 48
0.652198 48
0.652087 48
0.651977 48
0.651977 47
0.651842 47
0.651842 46
0.651717 46
0.651559 46
0.651396 46
0.651396 45
0.651245 45
0.65114 45
0.65101 45
0.650901 45
0.650791 45
0.650642 45
0.650509 45
0.650231 45
0.650124 45
0.649989 45
0.649854 45
0.649759 44
0.649646 44
0.649508 44
0.649361 44
0.649226 44
0.649226 43
0.649107 43
0.649107 42
0.64896 42
0.648821 42
0.6487 42
0.648573 42
0.648432 42
0.648315 42
0.648152 42
0.648053 42
0.647948 42
0.647948 41
0.647811 41
0.647699 41
0.647578 41
0.647307 41
0.647165 41
0.647013 41
0.646736 41
0.646736 40
0.646613 39
0.646521 38
0.646417 38
0.646274 38
0.646274 37
0.646141 37
0.645876 37
0.645747 37
0.645497 37
0.645353 37
0.645233 37
0.644994 36
0.64474 36
0.644605 36
0.644518 35
0.644416 35
0.644266 35
0.64413 35
0.64399 35
0.643864 35
0.643741 35
0.643581 35
0.643169 35
0.643016 35
0.642866 35
0.642723 35
0.642588 35
0.642302 35
0.642302 34
0.642012 33
0.641891 33
0.641658 32
0.641238 32
0.6411 32
0.640948 32
0.640815 32
0.640692 32
0.640313 32
0.640164 31
0.639942 31
0.639854 30
0.639704 30
0.639571 30
0.639417 30
0.639283 30
0.639169 30
0.638913 30
0.638782 30
0.638504 30
0.638351 30
0.638197 30
0.638037 30
0.637904 30
0.63775 30
0.637491 30
0.63734 30
0.636817 30
0.636529 29
0.635996 29
0.635729 29
0.635583 29
0.634789 29
0.634349 29
0.634208 29
0.634098 29
0.633968 29
0.633352 28
0.633103 27
0.632212 27
0.631633 27
0.631183 27
0.630884 26
0.630593 26
0.629279 25
0.628486 24
0.627629 23
0.627054 23
0.626515 23
0.625835 23
0.624827 23
0.623452 22
0.622153 21
0.620804 21
0.61919 21
0.61652 20
0.612693 19
0.603165 17
0 0
